[gd_scene load_steps=7 format=3 uid="uid://bw6v14vqpmadl"]

[ext_resource type="Script" path="res://Scripts/follower.gd" id="1_6qi8i"]
[ext_resource type="Script" path="res://Scripts/look_input_provider.gd" id="2_dqe30"]
[ext_resource type="PackedScene" uid="uid://dm1yptdtlurvh" path="res://Scenes/Characters/player.tscn" id="2_v8hbg"]
[ext_resource type="Script" path="res://Scripts/player_input_provider.gd" id="3_nn1mx"]

[sub_resource type="BoxMesh" id="BoxMesh_0xi15"]
size = Vector3(3.05, 1.29, 2.93)

[sub_resource type="BoxShape3D" id="BoxShape3D_y68mk"]
size = Vector3(3.04637, 0.163708, 2.8828)

[node name="World" type="Node3D"]

[node name="Terrain" type="MeshInstance3D" parent="."]
transform = Transform3D(1, 0, 0, 0, 1, 0, 0, 0, 1, 0, -0.649241, 0)
mesh = SubResource("BoxMesh_0xi15")
skeleton = NodePath("StaticBody3D/Terrain")

[node name="StaticBody3D" type="StaticBody3D" parent="Terrain"]

[node name="Terrain" type="CollisionShape3D" parent="Terrain/StaticBody3D"]
transform = Transform3D(1, 0, 0, 0, 1, 0, 0, 0, 1, 0, 0.554344, 0)
shape = SubResource("BoxShape3D_y68mk")

[node name="DirectionalLight3D" type="DirectionalLight3D" parent="."]
transform = Transform3D(0.411869, -0.260302, 0.873273, 0.0589376, 0.963935, 0.259529, -0.909335, -0.0554234, 0.412357, 3.0249, 1.58668, 1.95841)

[node name="CameraMakrer" type="Marker3D" parent="." node_paths=PackedStringArray("target")]
transform = Transform3D(-1, -3.73608e-08, 7.90374e-08, 0, 0.904083, 0.427358, -8.74228e-08, 0.427358, -0.904083, 0.475, 1.231, -2.296)
script = ExtResource("1_6qi8i")
coef = 26.0
sens = null
target = NodePath("../Player")
pos_offset = Vector3(0.475, 1.231, -2.296)
angle_offset = Vector3(-0.441568, -3.14159, 0)

[node name="Camera3D" type="Camera3D" parent="CameraMakrer"]
transform = Transform3D(1, -1.21769e-08, -5.78787e-09, 1.11421e-08, 0.988108, -0.153762, 7.59138e-09, 0.153762, 0.988108, 0, 0.821102, 0.471106)

[node name="LookInputProvider" type="Node" parent="CameraMakrer"]
script = ExtResource("2_dqe30")

[node name="Player" parent="." instance=ExtResource("2_v8hbg")]

[node name="PlayerInputProvider" type="Node" parent="Player"]
script = ExtResource("3_nn1mx")

[connection signal="looked" from="CameraMakrer/LookInputProvider" to="CameraMakrer" method="_on_look_input_provider_looked"]
[connection signal="moved" from="Player/PlayerInputProvider" to="Player" method="_on_input_provider_moved"]
