[gd_scene load_steps=11 format=3 uid="uid://bw6v14vqpmadl"]

[ext_resource type="Script" path="res://Scripts/follower.gd" id="1_6qi8i"]
[ext_resource type="Script" path="res://Scripts/look_input_provider.gd" id="2_dqe30"]
[ext_resource type="PackedScene" uid="uid://dm1yptdtlurvh" path="res://Scenes/Characters/player.tscn" id="2_v8hbg"]
[ext_resource type="Script" path="res://Scripts/player_input_provider.gd" id="3_nn1mx"]
[ext_resource type="PackedScene" uid="uid://bp4i1rsi6itla" path="res://Scenes/terrain.tscn" id="6_7thxs"]
[ext_resource type="PackedScene" uid="uid://b1ynn2jgr1j0x" path="res://Art/Models/toon_tree.glb" id="7_g7ela"]

[sub_resource type="ProceduralSkyMaterial" id="ProceduralSkyMaterial_r1ijd"]

[sub_resource type="Sky" id="Sky_5au2n"]
sky_material = SubResource("ProceduralSkyMaterial_r1ijd")

[sub_resource type="Environment" id="Environment_3nwff"]
background_mode = 2
background_color = Color(0.658824, 0.772549, 0.996078, 1)
sky = SubResource("Sky_5au2n")
ambient_light_color = Color(0.431373, 0.741176, 0.862745, 1)
ssao_enabled = true
fog_enabled = true
fog_light_color = Color(0.355469, 0.835938, 0.953125, 1)
fog_light_energy = 0.59
fog_sky_affect = 0.0
volumetric_fog_density = 0.0

[sub_resource type="CameraAttributesPhysical" id="CameraAttributesPhysical_dpnft"]

[node name="World" type="Node3D"]

[node name="WorldEnvironment" type="WorldEnvironment" parent="."]
environment = SubResource("Environment_3nwff")
camera_attributes = SubResource("CameraAttributesPhysical_dpnft")

[node name="LookInputProvider" type="Node" parent="."]
script = ExtResource("2_dqe30")

[node name="CameraMakrer" type="Marker3D" parent="." node_paths=PackedStringArray("target")]
transform = Transform3D(-1, -3.73608e-08, 7.90375e-08, 0, 0.904083, 0.427358, -8.74228e-08, 0.427358, -0.904083, 0.475, 1.231, -0.083703)
script = ExtResource("1_6qi8i")
coef = 26.0
sens = 0.5
target = NodePath("../Player")
pos_offset = Vector3(0, 1, 0)
angle_offset = Vector3(-0.441568, -3.14159, 0)

[node name="Camera3D" type="Camera3D" parent="CameraMakrer"]
transform = Transform3D(1, -1.21769e-08, -5.78788e-09, 1.11421e-08, 0.988108, -0.153762, 7.59138e-09, 0.153762, 0.988108, 2.38419e-07, -0.0641741, 2.34392)
current = true

[node name="Player" parent="." instance=ExtResource("2_v8hbg")]

[node name="PlayerInputProvider" type="Node" parent="Player"]
script = ExtResource("3_nn1mx")

[node name="toon_tree" parent="." instance=ExtResource("7_g7ela")]
transform = Transform3D(1, 0, 0, 0, 1, 0, 0, 0, 1, 2.28273, -0.180072, -3.07189)

[node name="terrain" parent="." instance=ExtResource("6_7thxs")]
transform = Transform3D(1, 0, 0, 0, 1, 0, 0, 0, 1, -0.839612, 0, -1.16274)

[node name="SpotLight3D" type="SpotLight3D" parent="."]
transform = Transform3D(-0.104479, -0.283594, 0.953236, -0.18971, 0.946565, 0.260816, -0.976265, -0.153589, -0.152697, 6.93836, 3.48549, -2.50217)
light_color = Color(1, 0.976471, 0.482353, 1)
light_size = 0.366
light_specular = 0.444
shadow_enabled = true
spot_range = 133.847
spot_angle = 39.61

[connection signal="looked" from="LookInputProvider" to="CameraMakrer" method="_on_look_input_provider_looked"]
[connection signal="watch_direction_changed" from="CameraMakrer" to="Player" method="_on_camera_makrer_watch_direction_changed"]
[connection signal="moved" from="Player/PlayerInputProvider" to="Player" method="_on_input_provider_moved"]
